9.766599
9.766599
9.766599
9.766599
9.742184
9.742184
9.717887
9.717887
9.693708
9.693708
9.693708
9.693708
9.693708
9.645696
9.645696
9.645696
9.645696
9.645696
9.621862
9.621862
9.598142
9.598142
9.598142
9.598142
9.598142
9.598142
9.598142
9.598142
9.574534
9.574534
9.527655
9.527655
9.504382
9.504382
9.504382
9.504382
9.504382
9.504382
9.504382
9.504382
9.551039
9.551039
9.551039
9.551039
9.598142
9.598142
9.621862
9.621862
9.621862
9.621862
9.621862
9.621862
9.621862
9.621862
9.621862
9.621862
9.621862
9.621862
9.621862
9.621862
9.621862
9.621862
9.621862
9.645696
9.645696
9.645696
9.645696
9.645696
9.645696
9.621862
9.621862
9.621862
9.621862
9.645696
9.645696
9.645696
9.645696
9.645696
9.645696
9.669644
9.669644
9.669644
9.669644
9.669644
9.669644
9.669644
9.693708
9.693708
9.693708
9.693708
9.693708
9.693708
9.693708
9.693708
9.693708
9.693708
9.693708
9.693708
9.693708
9.693708
9.693708
9.693708
9.693708
9.693708
9.693708
9.717887
9.742184
9.766599
9.766599
9.766599
9.766599
9.766599
9.766599
9.766599
9.766599
9.766599
9.766599
9.766599
9.766599
9.742184
9.742184
9.717887
9.717887
9.717887
9.717887
9.717887
9.717887
9.621862
9.481218
9.481218
9.481218
9.458163
9.458163
9.458163
9.458163
9.458163
9.458163
9.458163
9.458163
9.458163
9.458163
9.458163
9.458163
9.458163
9.458163
9.458163
9.458163
9.412378
9.412378
9.367019
8.915106
8.67534
8.429297
8.338225
8.338225
8.338225
8.338225
8.338225
8.338225
8.338225
8.503552
9.146426
9.233445
10.58686
11.7936
13.38764
16.47096
20.97706
26.49844
27.19057
31.48412
33.22114
35.44757
101.2449
113.8911
113.8911
113.8911
113.8911
113.8911
116.795
116.795
116.795
116.795
116.795
116.795
116.795
116.795
119.8457
119.8457
119.8457
119.8457
119.8457
113.8911
113.8911
116.795
116.795
119.8457
119.8457
119.8457
119.8457
119.8457
119.8457
116.795
116.795
116.795
116.795
116.795
116.795
116.795
116.795
116.795
116.795
113.8911
113.8911
113.8911
113.8911
116.795
116.795
116.795
116.795
116.795
116.795
116.795
116.795
116.795
116.795
116.795
116.795
116.795
116.795
116.795
113.8911
113.8911
113.8911
113.8911
113.8911
113.8911
113.8911
113.8911
113.8911
113.8911
113.8911
113.8911
113.8911
113.8911
113.8911
113.8911
113.8911
113.8911
113.8911
113.8911
113.8911
113.8911
113.8911
113.8911
113.8911
113.8911
113.8911
113.8911
113.8911
113.8911
113.8911
113.8911
113.8911
113.8911
113.8911
113.8911
113.8911
113.8911
113.8911
113.8911
113.8911
113.8911
113.8911
113.8911
113.8911
113.8911
111.1237
111.1237
105.962
47.69308
36.99156
27.19057
22.46918
13.43284
11.72351
11.72351
11.72351
11.15876
11.15876
11.15876
8.636587
8.636587
8.636587
8.636587
8.636587
8.636587
8.636587
11.31932
12.58164
13.6633
15.28218
15.34059
18.01121
18.6737
22.59249
28.88326
55.6317
173.5942
173.5942
173.5942
173.5942
173.5942
180.2362
180.2362
180.2362
180.2362
180.2362
180.2362
195.1101
195.1101
195.1101
195.1101
195.1101
195.1101
195.1101
187.3881
187.3881
187.3881
187.3881
187.3881
187.3881
187.3881
187.3881
195.1101
195.1101
195.1101
195.1101
195.1101
195.1101
195.1101
195.1101
195.1101
195.1101
195.1101
195.1101
195.1101
195.1101
195.1101
195.1101
187.3881
187.3881
187.3881
187.3881
187.3881
187.3881
187.3881
180.2362
180.2362
180.2362
180.2362
180.2362
180.2362
180.2362
180.2362
187.3881
187.3881
195.1101
195.1101
195.1101
195.1101
195.1101
203.4723
203.4723
203.4723
203.4723
203.4723
203.4723
203.4723
203.4723
203.4723
203.4723
203.4723
203.4723
203.4723
203.4723
187.3881
173.5942
173.5942
173.5942
173.5942
161.6383
161.6383
161.6383
167.41
167.41
167.41
173.5942
173.5942
173.5942
173.5942
167.41
180.2362
180.2362
180.2362
180.2362
180.2362
180.2362
180.2362
180.2362
180.2362
180.2362
180.2362
180.2362
180.2362
180.2362
173.5942
173.5942
173.5942
173.5942
167.41
167.41
161.6383
161.6383
156.2394
156.2394
156.2394
156.2394
151.1789
126.4335
36.99156
23.76415
19.76066
19.385
14.66701
13.07934
12.90927
10.85052
10.85052
10.85052
10.85052
10.85052
10.85052
10.85052
10.85052
10.85052
10.85052
10.85052
14.45503
16.14114
16.88435
16.88435
16.88435
16.88435
17.09867
17.09867
17.09867
17.24449
18.01121
18.01121
18.01121
18.17253
18.25424
18.33667
18.33667
18.33667
18.33667
18.33667
18.41982
18.41982
18.5037
18.5037
18.5037
18.5037
18.5037
18.5037
18.5037
18.5037
18.5037
18.5037
18.5037
18.5037
19.57109
19.66543
19.66543
19.85678
19.95382
20.15066
20.15066
20.15066
20.15066
20.15066
20.15066
20.15066
20.2505
20.2505
20.2505
20.2505
20.55583
20.55583
20.55583
20.55583
20.55583
20.55583
20.55583
20.55583
20.55583
20.55583
20.55583
20.55583
21.08499
21.08499
21.08499
21.3041
21.3041
21.3041
21.41532
21.52766
21.52766
21.52766
21.52766
21.52766
21.52766
21.52766
21.52766
21.52766
21.52766
21.52766
21.52766
21.194
20.76438
19.95382
19.95382
19.95382
19.95382
19.95382
19.95382
19.95382
19.95382
19.95382
19.95382
19.95382
19.95382
19.95382
19.95382
19.95382
19.66543
19.66543
19.66543
19.66543
19.385
19.11221
18.93444
18.93444
18.93444
18.84674
18.84674
18.84674
18.58832
18.5037
18.5037
18.5037
18.5037
18.41982
18.41982
18.41982
18.41982
18.41982
18.41982
18.41982
18.41982
18.41982
18.41982
18.41982
18.41982
18.41982
18.41982
18.41982
18.33667
18.33667
18.41982
18.41982
18.41982
18.41982
18.41982
18.41982
18.33667
18.25424
18.25424
18.25424
18.33667
18.25424
18.25424
18.25424
18.25424
18.25424
18.41982
18.41982
18.5037
18.5037
18.5037
18.5037
18.5037
18.5037
18.5037
18.5037
18.41982
18.25424
18.25424
18.25424
18.17253
18.17253
18.17253
18.17253
18.17253
18.17253
18.17253
18.17253
18.17253
18.25424
18.33667
18.33667
18.33667
18.58832
18.33667
18.33667
18.33667
18.33667
18.33667
18.33667
18.33667
18.75984
18.75984
18.33667
18.33667
18.33667
18.33667
18.33667
18.09152
18.09152
18.01121
18.01121
18.01121
17.93159
17.85264
17.54347
17.54347
17.54347
17.24449
17.24449
17.24449
17.17128
17.09867
17.09867
17.09867
17.09867
17.09867
17.09867
17.09867
17.17128
17.17128
17.17128
17.17128
17.17128
17.09867
17.09867
16.95521
16.95521
16.95521
16.95521
16.95521
16.88435
16.81407
16.60656
16.33748
16.33748
15.82386
15.0528
14.35125
14.2489
14.2489
14.2489
14.2489
14.2489
14.2489
14.2489
14.40296
14.45503
14.56027
14.56027
14.61345
15.34059
15.34059
15.34059
15.34059
15.34059
15.34059
15.34059
15.34059
15.28218
15.28218
15.28218
15.28218
15.28218
15.28218
15.28218
15.28218
15.28218
15.51843
21.87164
22.46918
22.46918
22.46918
22.46918
22.46918
22.46918
22.46918
22.46918
20.65959
17.77436
16.95521
16.95521
16.95521
16.95521
16.95521
16.95521
16.95521
17.24449
17.24449
17.24449
17.24449
17.24449
17.24449
17.24449
17.24449
17.24449
17.24449
17.24449
17.24449
17.24449
16.40395
16.40395
15.94931
17.77436
22.97042
25.36591
119.8457
119.8457
119.8457
119.8457
119.8457
126.4335
126.4335
126.4335
126.4335
126.4335
126.4335
129.9968
129.9968
133.7597
133.7597
133.7597
126.4335
126.4335
126.4335
126.4335
133.7597
133.7597
133.7597
133.7597
133.7597
126.4335
126.4335
126.4335
126.4335
126.4335
133.7597
133.7597
133.7597
133.7597
133.7597
133.7597
133.7597
133.7597
133.7597
133.7597
137.7392
137.7392
137.7392
137.7392
137.7392
137.7392
137.7392
137.7392
137.7392
137.7392
137.7392
137.7392
137.7392
137.7392
137.7392
137.7392
137.7392
133.7597
133.7597
133.7597
133.7597
133.7597
133.7597
133.7597
167.41
167.41
167.41
173.5942
173.5942
173.5942
173.5942
173.5942
173.5942
173.5942
173.5942
173.5942
180.2362
180.2362
180.2362
180.2362
180.2362
180.2362
180.2362
180.2362
180.2362
180.2362
180.2362
180.2362
180.2362
180.2362
187.3881
187.3881
187.3881
187.3881
187.3881
187.3881
187.3881
187.3881
156.2394
103.5515
9.991773
9.890468
9.766599
9.766599
7.59696
5.926984
3.76382
1.979357
1.95401
1.801109
1.779969
1.711723
1.711723
1.657022
1.657022
1.657022
1.628241
1.620628
1.610084
1.55299
1.512844
1.497732
1.496432
1.495783
1.492545
1.491899
1.491899
1.491253
1.491253
1.490608
1.490608
1.490608
1.490608
1.490608
1.490608
1.489964
1.489964
1.489964
1.489964
1.489964
1.489964
1.489964
1.489964
1.489964
1.489964
1.489964
1.48932
1.48932
1.48932
1.489964
1.489964
1.489964
1.489964
1.489964
1.489964
1.489964
1.489964
1.489964
1.489964
1.489964
1.493191
1.496432
1.497082
1.497082
1.497082
1.497082
1.497082
1.497082
1.497082
1.497082
1.497082
1.499687
1.499687
1.499687
1.499687
1.500339
1.500339
1.500339
1.499687
1.499687
1.499687
1.499687
1.498383
1.498383
1.498383
1.498383
1.497732
1.497732
1.497732
1.497732
1.497732
1.497732
1.498383
1.498383
1.498383
1.499035
1.499035
1.499687
1.499687
1.499687
1.500339
1.500339
1.500339
1.500339
1.500993
1.500993
1.500993
1.500993
1.500993
1.500993
1.500339
1.500339
1.500339
1.499687
1.499687
1.499687
1.498383
1.498383
1.498383
1.498383
1.498383
1.498383
1.498383
1.498383
1.498383
1.498383
1.498383
1.498383
1.498383
1.498383
1.498383
1.498383
1.498383
1.498383
1.498383
1.498383
1.498383
1.499687
1.499687
1.510856
1.514836
2.568124
3.597189
3.597189
6.835774
6.835774
9.189736
9.189736
12.04544
12.04544
12.42379
12.42379
12.78449
12.78449
